{
 "cells": [
  {
   "cell_type": "markdown",
   "metadata": {},
   "source": [
    "# Minimum probability flow"
   ]
  },
  {
   "cell_type": "code",
   "execution_count": 1,
   "metadata": {
    "collapsed": true
   },
   "outputs": [],
   "source": [
    "import numpy as np\n",
    "import theano.tensor as T"
   ]
  },
  {
   "cell_type": "markdown",
   "metadata": {},
   "source": [
    "## Preparation\n",
    "To get started we first have to prepare the data to work with. The steps to synthesis the data are as follows:\n",
    "1. Form a $n \\times n$ matrix $W$ that is symmetric with diagonal entries set to zeros.\n",
    "2. The bias vector is $n \\times 1$ that is either set to zero or takes binary inputs.\n",
    "3. Initialise a vector of size $n$ that has binary entries, $x^{(1)}$, which is used to generate the subsequent sample values.\n",
    "4. Given $x^{(i)}$, for each row $j$\n",
    "\\begin{align*}\n",
    "p_{j}^{(i+1)} &= \\sigma\\left(\\sum_{k=1}^{n}w_{jk}x_{k}^{(i)}\\right)\\\\\n",
    "%x_{j}^{(i+1)}&=\\sigma(\\tilde{x}_{j}^{(i+1)})\n",
    "\\end{align*}\n",
    "where $\\sigma$ is the sigmoid function, thus produces a row of values between 0 and 1. Each entry of $x_j^{(i+1)}$ is Bernoulli distributed with parameter $p_{j}^{(i+1)}$.\n",
    "The requirement of being symmetric with diagonal entries set to zero for $W$ is necessary for the data to be 'good'. Shall elaborate on the good later."
   ]
  },
  {
   "cell_type": "code",
   "execution_count": 11,
   "metadata": {
    "collapsed": false
   },
   "outputs": [
    {
     "name": "stdout",
     "output_type": "stream",
     "text": [
      "x: [[0 0 0 0 1 0 0 0 1 1 0 1 1 0 1 1]]\n",
      "W: [[ 0.         -1.21919523  0.2127522   0.34840266  1.2110798  -0.57660002\n",
      "  -0.24779665 -0.41759623 -1.95514855 -1.18355395  0.37768358  0.60076739\n",
      "   0.04254987 -1.390525   -0.12530252 -1.3940747 ]\n",
      " [-1.21919523 -0.          0.95410619 -0.075351    0.83647272  0.27871444\n",
      "   2.33428423 -1.64114003 -0.5548095   0.83205779  0.27827386  1.86128138\n",
      "   0.21200463 -0.0830844  -0.46360497 -0.54160192]\n",
      " [ 0.2127522   0.95410619 -0.          1.20672068  0.3423558  -0.50456196\n",
      "   0.54511542  1.29274506  0.04425316 -0.5101381   0.63031831 -1.00247859\n",
      "   0.24728212  1.28784299  0.01431694  0.22516807]\n",
      " [ 0.34840266 -0.075351    1.20672068 -0.         -1.59145413 -0.62226857\n",
      "   0.05573668  0.20629578  1.3411748   1.74843208  0.82859588  0.60849261\n",
      "  -2.31954787 -0.02497317 -1.48583816 -1.54006291]\n",
      " [ 1.2110798   0.83647272  0.3423558  -1.59145413 -0.          1.00988891\n",
      "   0.24252357 -0.01611485  0.85548308 -0.69838366 -1.66123154  0.37563742\n",
      "   0.41026805  0.92298302  1.85582226 -0.93902453]\n",
      " [-0.57660002  0.27871444 -0.50456196 -0.62226857  1.00988891 -0.\n",
      "  -0.25606824 -0.88124301  0.61608072  0.99020828  0.95390305 -0.30187474\n",
      "   0.04689715 -0.37067125 -0.31259757  1.22967022]\n",
      " [-0.24779665  2.33428423  0.54511542  0.05573668  0.24252357 -0.25606824\n",
      "   0.         -0.19587254  0.66870902  0.78904612 -0.62172154 -0.23804349\n",
      "   0.90447331  1.32111631 -2.17049797  0.17143722]\n",
      " [-0.41759623 -1.64114003  1.29274506  0.20629578 -0.01611485 -0.88124301\n",
      "  -0.19587254  0.         -0.24629048  0.16724173  0.59445985  1.6833185\n",
      "  -0.26108971  0.59654484  1.15254509 -0.06017892]\n",
      " [-1.95514855 -0.5548095   0.04425316  1.3411748   0.85548308  0.61608072\n",
      "   0.66870902 -0.24629048  0.         -0.52642021 -1.0845202  -0.51961397\n",
      "   0.13323151  0.87443303 -1.03395032  0.90432293]\n",
      " [-1.18355395  0.83205779 -0.5101381   1.74843208 -0.69838366  0.99020828\n",
      "   0.78904612  0.16724173 -0.52642021 -0.          0.66327297  1.91534925\n",
      "   0.48004132  1.06470982 -0.13703038 -0.80172893]\n",
      " [ 0.37768358  0.27827386  0.63031831  0.82859588 -1.66123154  0.95390305\n",
      "  -0.62172154  0.59445985 -1.0845202   0.66327297 -0.          0.74789915\n",
      "   0.70456083 -0.72424438 -0.33322587 -1.57745502]\n",
      " [ 0.60076739  1.86128138 -1.00247859  0.60849261  0.37563742 -0.30187474\n",
      "  -0.23804349  1.6833185  -0.51961397  1.91534925  0.74789915  0.\n",
      "  -0.56352661 -2.01868247  0.889393    0.31760818]\n",
      " [ 0.04254987  0.21200463  0.24728212 -2.31954787  0.41026805  0.04689715\n",
      "   0.90447331 -0.26108971  0.13323151  0.48004132  0.70456083 -0.56352661\n",
      "   0.          1.00303184 -1.54059451 -1.38630772]\n",
      " [-1.390525   -0.0830844   1.28784299 -0.02497317  0.92298302 -0.37067125\n",
      "   1.32111631  0.59654484  0.87443303  1.06470982 -0.72424438 -2.01868247\n",
      "   1.00303184 -0.          0.23890599 -0.51568232]\n",
      " [-0.12530252 -0.46360497  0.01431694 -1.48583816  1.85582226 -0.31259757\n",
      "  -2.17049797  1.15254509 -1.03395032 -0.13703038 -0.33322587  0.889393\n",
      "  -1.54059451  0.23890599  0.         -0.54194635]\n",
      " [-1.3940747  -0.54160192  0.22516807 -1.54006291 -0.93902453  1.22967022\n",
      "   0.17143722 -0.06017892  0.90432293 -0.80172893 -1.57745502  0.31760818\n",
      "  -1.38630772 -0.51568232 -0.54194635 -0.        ]]\n",
      "b: [[ 0.  0.  0.  0.  0.  0.  0.  0.  0.  0.  0.  0.  0.  0.  0.  0.]]\n"
     ]
    }
   ],
   "source": [
    "# Set dimension of the data vector\n",
    "n = 16\n",
    "\n",
    "# Initialize weight matrix that is symmetric and has zero diagonal entries\n",
    "W = np.triu(np.random.normal(0,1,(n,n)))*(1 - np.eye(n))\n",
    "# W = np.triu(np.random.rand(n,n))*(1 - np.eye(n))\n",
    "W = W + np.transpose(W)\n",
    "# W = 2*W - 1\n",
    "\n",
    "# Ask Gary if the initialization of the W matrix is between 0 and 1 as I will get a all ones dataset\n",
    "\n",
    "# To test if W is symmetric\n",
    "# print (W)\n",
    "# print ((W == np.transpose(W)).all())\n",
    "\n",
    "# Bias vector with binary inputs\n",
    "#b = np.random.randint(2, size = n).reshape(n,-1)\n",
    "b = np.zeros((1,n)).reshape(n,-1)\n",
    "\n",
    "# Seed data vector to generate data\n",
    "x = np.random.randint(2, size = n).reshape(n,-1)\n",
    "\n",
    "print ('x:',np.transpose(x))\n",
    "print ('W:',W)\n",
    "print ('b:',np.transpose(b))"
   ]
  },
  {
   "cell_type": "code",
   "execution_count": 12,
   "metadata": {
    "collapsed": true
   },
   "outputs": [],
   "source": [
    "def sigmoid(x):\n",
    "    return 1/ (1 + np.exp(-x))"
   ]
  },
  {
   "cell_type": "code",
   "execution_count": 13,
   "metadata": {
    "collapsed": true
   },
   "outputs": [],
   "source": [
    "def gendata(x, W, b):\n",
    "#     print (W.dot(x) + b)\n",
    "#     print (sigmoid(W.dot(x) + b))\n",
    "    return np.random.binomial(1,sigmoid(W.dot(x)+b))    "
   ]
  },
  {
   "cell_type": "markdown",
   "metadata": {},
   "source": [
    "To be done: while looping concantenate the data for every thousand."
   ]
  },
  {
   "cell_type": "code",
   "execution_count": 18,
   "metadata": {
    "collapsed": false
   },
   "outputs": [
    {
     "name": "stdout",
     "output_type": "stream",
     "text": [
      "[[0 1 1 1 0 1 1 0 1 1 1 1 1 1 0 0]]\n",
      "[[0 1 1 1 1 1 1 1 1 1 1 1 0 1 0 0]]\n",
      "[[0 1 1 1 1 0 1 0 1 1 0 1 1 1 0 0]]\n",
      "[[0 1 1 1 1 1 1 1 1 1 0 0 0 1 0 0]]\n",
      "[[0 1 1 1 1 0 1 0 1 1 1 1 1 1 0 0]]\n",
      "[[0 1 1 1 1 1 1 0 1 1 0 1 1 1 0 0]]\n",
      "[[0 1 0 1 1 1 1 1 1 1 1 1 1 1 0 0]]\n",
      "[[0 1 1 0 1 0 1 1 1 1 1 1 1 1 0 0]]\n",
      "[[0 1 1 1 1 1 1 1 1 1 1 1 1 1 0 0]]\n",
      "[[0 1 1 0 1 1 1 0 1 1 0 1 1 1 0 0]]\n",
      "[[0 1 0 0 1 1 1 1 1 1 0 1 1 1 0 0]]\n",
      "[[0 1 1 1 1 1 1 1 0 1 1 1 1 1 1 0]]\n",
      "[[0 1 1 0 0 0 1 0 1 1 1 1 0 1 0 0]]\n",
      "[[0 1 1 1 0 1 1 1 0 1 1 1 1 1 0 0]]\n",
      "[[0 1 1 1 1 0 1 1 1 1 1 1 0 0 0 0]]\n",
      "[[0 1 1 1 0 1 1 1 0 1 0 1 1 1 0 0]]\n",
      "[[0 1 1 0 0 0 1 1 1 1 1 1 1 1 0 0]]\n",
      "[[0 1 1 1 1 1 1 1 0 1 1 1 1 1 0 0]]\n",
      "[[0 1 1 0 1 1 1 1 1 1 1 1 0 1 0 0]]\n",
      "[[0 1 1 1 1 1 1 1 1 1 1 1 1 1 0 0]]\n",
      "[[0 1 1 1 1 1 1 1 1 1 1 1 0 1 0 0]]\n",
      "[[0 1 1 1 0 0 1 0 0 1 0 1 1 1 0 0]]\n",
      "[[0 1 1 0 1 0 1 0 1 1 1 1 0 1 0 0]]\n",
      "[[0 1 1 1 1 1 1 1 1 1 0 1 1 1 0 0]]\n",
      "[[0 1 1 1 1 0 1 1 1 1 1 1 1 1 0 0]]\n",
      "[[0 1 1 1 1 1 1 1 1 1 1 1 1 1 0 0]]\n",
      "[[0 1 1 1 1 1 1 1 1 1 1 1 1 1 0 0]]\n",
      "[[0 1 1 1 1 1 1 1 1 1 1 1 1 0 0 0]]\n",
      "[[0 1 1 1 1 1 1 1 0 1 1 1 0 1 0 0]]\n",
      "[[0 1 1 1 0 0 1 1 1 1 0 1 1 0 0 0]]\n",
      "[[0 1 1 1 0 1 1 1 1 1 1 1 0 1 0 0]]\n",
      "[[0 1 1 1 0 0 0 1 0 1 1 1 1 1 0 0]]\n",
      "[[0 0 1 1 0 0 1 1 0 1 1 1 1 1 0 0]]\n",
      "[[0 1 1 1 0 1 1 1 1 1 1 0 0 1 1 0]]\n",
      "[[0 1 1 1 1 0 1 0 0 1 0 1 0 1 0 0]]\n",
      "[[1 1 1 1 1 0 1 1 1 1 0 1 0 1 1 0]]\n",
      "[[0 1 1 1 1 0 1 1 1 1 0 0 0 1 0 0]]\n",
      "[[0 1 1 1 0 1 1 1 1 1 0 1 1 1 0 0]]\n",
      "[[0 1 1 1 1 0 1 1 1 1 1 1 1 1 0 1]]\n",
      "[[0 1 1 1 1 1 1 1 1 1 1 1 0 1 0 0]]\n",
      "[[0 1 1 1 0 1 1 1 1 1 0 1 1 1 0 0]]\n",
      "[[0 1 1 1 1 0 1 1 0 1 1 1 0 1 0 0]]\n",
      "[[0 1 1 1 0 1 1 1 0 1 1 1 1 1 1 0]]\n",
      "[[0 1 1 1 1 1 1 1 0 1 1 1 0 1 0 0]]\n",
      "[[0 1 1 1 0 1 1 1 1 1 0 1 1 1 0 0]]\n",
      "[[1 1 1 1 1 0 1 1 1 1 1 1 0 1 0 0]]\n",
      "[[0 1 1 1 1 1 1 1 0 1 0 1 1 1 0 0]]\n",
      "[[0 1 1 1 1 0 1 1 1 1 1 1 1 1 0 0]]\n",
      "[[0 1 1 1 0 1 1 1 0 1 1 1 1 1 0 0]]\n",
      "[[0 1 1 1 1 0 1 0 1 1 1 1 1 1 0 0]]\n",
      "[[0 1 1 0 0 1 1 1 1 1 1 1 1 1 0 0]]\n",
      "[[0 1 1 1 1 1 1 1 0 1 1 1 1 1 0 0]]\n",
      "[[0 1 1 1 0 1 1 0 1 1 1 0 0 1 0 0]]\n",
      "[[0 1 1 1 0 0 1 0 1 1 1 0 1 1 0 0]]\n",
      "[[0 1 1 1 1 1 1 0 0 1 1 1 1 1 0 0]]\n",
      "[[0 1 1 0 0 1 1 1 1 1 1 1 0 1 0 0]]\n",
      "[[0 1 1 1 1 0 1 1 0 1 0 1 1 1 0 0]]\n",
      "[[0 1 1 1 1 0 1 1 1 1 0 1 1 1 1 0]]\n",
      "[[0 1 1 1 1 1 1 1 0 1 1 1 0 1 0 0]]\n",
      "[[0 1 1 1 0 1 1 0 1 1 1 1 1 1 1 0]]\n",
      "[[0 1 1 1 1 0 1 1 0 1 1 1 1 1 0 0]]\n",
      "[[0 1 1 1 0 1 1 1 1 1 1 1 0 1 0 0]]\n",
      "[[0 1 1 1 0 0 1 1 0 1 1 1 1 0 0 1]]\n",
      "[[0 1 1 1 0 1 1 1 0 1 1 1 0 1 0 0]]\n",
      "[[0 1 1 1 0 0 1 1 1 1 1 0 1 1 0 0]]\n",
      "[[0 1 1 1 1 1 1 0 1 1 1 1 1 1 0 0]]\n",
      "[[0 1 1 0 1 0 1 1 1 1 1 1 1 1 0 1]]\n",
      "[[0 1 1 0 1 1 1 1 1 1 1 1 1 1 0 0]]\n",
      "[[0 1 1 1 1 1 1 0 1 1 1 1 0 1 0 0]]\n",
      "[[0 1 1 1 1 1 1 1 1 1 0 1 1 1 0 0]]\n",
      "[[0 1 1 0 1 0 1 1 1 1 1 1 0 1 0 0]]\n",
      "[[0 1 1 1 1 0 1 1 0 1 0 1 1 1 0 0]]\n",
      "[[0 1 1 0 0 0 1 1 1 1 1 1 0 1 0 0]]\n",
      "[[0 1 1 1 1 0 1 1 0 1 1 1 1 1 0 0]]\n",
      "[[0 1 1 1 0 1 1 1 1 1 0 1 1 0 1 0]]\n",
      "[[0 1 1 1 1 0 1 1 0 1 1 1 0 1 0 1]]\n",
      "[[0 1 1 0 0 1 1 1 1 1 1 1 0 1 0 0]]\n",
      "[[0 1 1 1 0 0 1 0 1 1 0 1 1 1 0 0]]\n",
      "[[0 1 1 1 1 0 1 1 1 1 1 1 0 1 0 0]]\n",
      "[[0 1 1 1 1 1 1 1 0 1 1 1 1 1 0 0]]\n",
      "[[0 1 1 1 1 1 1 1 1 1 1 1 1 1 0 0]]\n",
      "[[0 1 1 1 1 1 1 1 1 1 1 1 0 0 0 0]]\n",
      "[[0 1 1 1 0 1 1 0 0 1 1 1 1 1 0 0]]\n",
      "[[0 1 1 0 0 1 1 1 1 1 1 1 1 1 0 0]]\n",
      "[[0 1 1 1 1 1 1 1 0 1 1 0 1 1 0 0]]\n",
      "[[0 1 1 1 0 1 1 0 1 1 0 1 0 1 0 0]]\n",
      "[[0 1 1 1 0 1 1 1 1 1 0 1 0 1 0 1]]\n",
      "[[0 1 1 1 1 1 1 1 1 1 1 1 0 1 0 0]]\n",
      "[[0 1 1 0 1 1 1 1 1 1 1 1 1 1 0 0]]\n",
      "[[0 1 1 1 1 1 1 1 1 1 1 1 1 1 0 0]]\n",
      "[[0 1 1 1 1 1 1 1 1 1 1 1 1 1 0 0]]\n",
      "[[0 1 1 1 1 1 1 1 1 1 0 1 0 1 0 0]]\n",
      "[[0 1 1 1 1 1 1 1 1 1 0 0 0 1 0 0]]\n",
      "[[0 1 1 1 1 0 1 0 1 0 0 1 1 1 0 0]]\n",
      "[[0 1 1 0 1 0 1 1 1 1 0 1 1 1 0 0]]\n",
      "[[0 1 1 1 1 0 1 1 1 1 0 1 1 1 0 0]]\n",
      "[[0 0 1 1 1 1 1 0 1 1 1 1 1 1 0 0]]\n",
      "[[0 1 1 1 1 1 1 1 1 1 0 0 1 1 0 0]]\n",
      "[[0 1 1 0 1 0 1 1 0 1 1 0 1 1 0 0]]\n",
      "[[0 1 1 0 0 1 1 1 0 1 1 1 1 1 0 0]]\n"
     ]
    }
   ],
   "source": [
    "for i in np.arange(100):\n",
    "    x = gendata(x, W, b)\n",
    "    print (np.transpose(x))"
   ]
  },
  {
   "cell_type": "code",
   "execution_count": null,
   "metadata": {
    "collapsed": true
   },
   "outputs": [],
   "source": []
  },
  {
   "cell_type": "code",
   "execution_count": null,
   "metadata": {
    "collapsed": true
   },
   "outputs": [],
   "source": []
  },
  {
   "cell_type": "code",
   "execution_count": null,
   "metadata": {
    "collapsed": true
   },
   "outputs": [],
   "source": []
  },
  {
   "cell_type": "code",
   "execution_count": null,
   "metadata": {
    "collapsed": true
   },
   "outputs": [],
   "source": []
  },
  {
   "cell_type": "code",
   "execution_count": null,
   "metadata": {
    "collapsed": true
   },
   "outputs": [],
   "source": []
  }
 ],
 "metadata": {
  "kernelspec": {
   "display_name": "Python 3",
   "language": "python",
   "name": "python3"
  },
  "language_info": {
   "codemirror_mode": {
    "name": "ipython",
    "version": 3
   },
   "file_extension": ".py",
   "mimetype": "text/x-python",
   "name": "python",
   "nbconvert_exporter": "python",
   "pygments_lexer": "ipython3",
   "version": "3.5.2"
  }
 },
 "nbformat": 4,
 "nbformat_minor": 1
}
