{
 "cells": [
  {
   "cell_type": "code",
   "execution_count": 41,
   "metadata": {
    "collapsed": true
   },
   "outputs": [],
   "source": [
    "import numpy as np\n",
    "import theano\n",
    "import theano.tensor as T\n",
    "import matplotlib.pyplot as plt\n",
    "import seaborn as sns; sns.set()\n",
    "\n",
    "import os \n",
    "import timeit\n",
    "\n",
    "% matplotlib inline"
   ]
  },
  {
   "cell_type": "code",
   "execution_count": 2,
   "metadata": {
    "collapsed": true
   },
   "outputs": [],
   "source": [
    "def load_data(dataset = 'gibbs-sample.dat.npy', borrow = True):\n",
    "    \"\"\"\n",
    "    Loads the dataset.\n",
    "    \"\"\"\n",
    "    data = np.load(dataset)\n",
    "    dataset = theano.shared(np.asarray(data, dtype = theano.config.floatX), borrow = borrow)\n",
    "        \n",
    "    return dataset   "
   ]
  },
  {
   "cell_type": "code",
   "execution_count": 17,
   "metadata": {
    "collapsed": false
   },
   "outputs": [],
   "source": [
    "class mpf(object):\n",
    "    \"\"\"\n",
    "    Minimum probability flow\n",
    "    \"\"\"\n",
    "    \n",
    "    def __init__(self, input = None, n = 16, W = None, b = None):\n",
    "        \"\"\"\n",
    "        Initialize mpf class\n",
    "        \"\"\"\n",
    "        self.n = n\n",
    "        \n",
    "        U = np.random.rand(self.n, self.n)\n",
    "        R = 0.5 * (U + U.T)\n",
    "        np.fill_diagonal(R, 0)\n",
    "        \n",
    "        if not W:\n",
    "            initial_W = np.asarray(R, dtype = theano.config.floatX)\n",
    "            W = theano.shared(initial_W, name = 'W', borrow = True)\n",
    "        \n",
    "        if not b:\n",
    "            b = theano.shared(np.zeros(n, dtype = theano.config.floatX), name = 'b', borrow = True)\n",
    "            \n",
    "            \n",
    "        self.W = W\n",
    "        self.b = b\n",
    "#         self.input = input\n",
    "        if input is None:\n",
    "            self.x = T.dmatrix(name = 'input')\n",
    "        else:\n",
    "            self.x = input\n",
    "        \n",
    "        self.params = [self.W, self.b]\n",
    "    \n",
    "    \n",
    "    def Kcost(self, epsilon = 0.01, learning_rate = 0.01):\n",
    "        \"\"\"\n",
    "        Returns the cost\n",
    "        \"\"\"\n",
    "        \n",
    "        cost = T.mean(T.exp((0.5 - self.x) * (T.dot(self.x, self.W) + self.b))) * epsilon\n",
    "#         gparams = T.grad(cost, self.params)\n",
    "#         updates = [(param, param - learning_rate * gparam) for param, gparam in zip(self.params, gparams)]\n",
    "        Wgrad = T.grad(cost, self.W)\n",
    "        bgrad = T.grad(cost, self.b)\n",
    "        \n",
    "        Wupdate = T.fill_diagonal(0.5 * ((self.W - learning_rate * Wgrad) + (self.W - learning_rate * Wgrad).T), 0)\n",
    "#         Wupdate = 0.5 * ((self.W - learning_rate * Wgrad) + (self.W - learning_rate * Wgrad).T)\n",
    "        updates = [(self.W, Wupdate), (self.b, self.b - learning_rate * bgrad )]\n",
    "        \n",
    "        return cost, updates\n",
    "            \n",
    "                "
   ]
  },
  {
   "cell_type": "code",
   "execution_count": 33,
   "metadata": {
    "collapsed": false
   },
   "outputs": [],
   "source": [
    "def sgd(learning_rate = 0.01, n_epochs = 50, dataset = 'gibbs-sample.dat.npy', batch_size = 50, output_folder = 'mpf_results'):\n",
    "    \"\"\"\n",
    "    Perform stochastic gradient descent on MPF\n",
    "    \"\"\"\n",
    "    print ('Loading '+dataset+'...')\n",
    "    \n",
    "    dataset = load_data(dataset)\n",
    "    \n",
    "    n_dataset_batches = dataset.get_value(borrow = True).shape[0] // batch_size\n",
    "    \n",
    "    print ('Building the model...')\n",
    "\n",
    "    index = T.lscalar()\n",
    "    x = T.matrix('x')\n",
    "    \n",
    "#     if not os.path.isdir(output_folder):\n",
    "#         os.makedirs(output_folder)\n",
    "#     os.chdir(output_folder)   \n",
    "    \n",
    "    flow = mpf(input = x)\n",
    "    cost, updates = flow.Kcost()\n",
    "    \n",
    "    train_mpf = theano.function(inputs = [index], outputs = cost, updates = updates, \\\n",
    "                                givens = {x: dataset[index * batch_size: (index + 1) * batch_size]})\n",
    "    \n",
    "    start_time = timeit.default_timer()\n",
    "    \n",
    "    for epoch in range(n_epochs):\n",
    "        c = []\n",
    "        for batch_index in range(n_dataset_batches):\n",
    "            c.append(train_mpf(batch_index))\n",
    "\n",
    "        print ('Training epoch %d, cost' % epoch, np.mean(c, dtype='float64'))\n",
    "        \n",
    "    end_time = timeit.default_timer()\n",
    "    \n",
    "    training_time = end_time - start_time\n",
    "    \n",
    "    print ('The training took %.2f seconds' % (training_time/60.))\n",
    "    \n",
    "    W_learnt = flow.W.get_value(borrow = True)\n",
    "    W = np.load('W.dat.npy')\n",
    "    "
   ]
  },
  {
   "cell_type": "code",
   "execution_count": 34,
   "metadata": {
    "collapsed": false
   },
   "outputs": [
    {
     "name": "stdout",
     "output_type": "stream",
     "text": [
      "Loading gibbs-sample.dat.npy...\n",
      "Building the model...\n",
      "Training epoch 0, cost 0.0291873373308\n",
      "Training epoch 1, cost 0.025873087703\n",
      "Training epoch 2, cost 0.0233691767179\n",
      "Training epoch 3, cost 0.0214008229233\n",
      "Training epoch 4, cost 0.0198064709116\n",
      "Training epoch 5, cost 0.0184845788269\n",
      "Training epoch 6, cost 0.0173679305598\n",
      "Training epoch 7, cost 0.0164101492803\n",
      "Training epoch 8, cost 0.0155781323812\n",
      "Training epoch 9, cost 0.0148475740767\n",
      "Training epoch 10, cost 0.0142001950224\n",
      "Training epoch 11, cost 0.0136219627405\n",
      "Training epoch 12, cost 0.0131019113119\n",
      "Training epoch 13, cost 0.0126313365564\n",
      "Training epoch 14, cost 0.0122032338085\n",
      "Training epoch 15, cost 0.0118118966983\n",
      "Training epoch 16, cost 0.011452625355\n",
      "Training epoch 17, cost 0.0111215105649\n",
      "Training epoch 18, cost 0.0108152716627\n",
      "Training epoch 19, cost 0.0105311330886\n",
      "Training epoch 20, cost 0.0102667292047\n",
      "Training epoch 21, cost 0.0100200300576\n",
      "Training epoch 22, cost 0.00978928286723\n",
      "Training epoch 23, cost 0.00957296546539\n",
      "Training epoch 24, cost 0.00936974891075\n",
      "Training epoch 25, cost 0.00917846722508\n",
      "Training epoch 26, cost 0.00899809270572\n",
      "Training epoch 27, cost 0.00882771564305\n",
      "Training epoch 28, cost 0.00866652754622\n",
      "Training epoch 29, cost 0.00851380718375\n",
      "Training epoch 30, cost 0.00836890889892\n",
      "Training epoch 31, cost 0.00823125277577\n",
      "Training epoch 32, cost 0.00810031631977\n",
      "Training epoch 33, cost 0.00797562738587\n",
      "Training epoch 34, cost 0.00785675813916\n",
      "Training epoch 35, cost 0.00774331987518\n",
      "Training epoch 36, cost 0.00763495855911\n",
      "Training epoch 37, cost 0.00753135096929\n",
      "Training epoch 38, cost 0.00743220135069\n",
      "Training epoch 39, cost 0.00733723850082\n",
      "Training epoch 40, cost 0.00724621322369\n",
      "Training epoch 41, cost 0.00715889609822\n",
      "Training epoch 42, cost 0.00707507551625\n",
      "Training epoch 43, cost 0.00699455595278\n",
      "Training epoch 44, cost 0.00691715643639\n",
      "Training epoch 45, cost 0.00684270919342\n",
      "Training epoch 46, cost 0.00677105844287\n",
      "Training epoch 47, cost 0.00670205932273\n",
      "Training epoch 48, cost 0.00663557693119\n",
      "Training epoch 49, cost 0.00657148546848\n",
      "The training took 0.08 seconds\n"
     ]
    }
   ],
   "source": [
    "sgd()"
   ]
  },
  {
   "cell_type": "code",
   "execution_count": 14,
   "metadata": {
    "collapsed": true
   },
   "outputs": [],
   "source": [
    "e = mpf()"
   ]
  },
  {
   "cell_type": "code",
   "execution_count": 15,
   "metadata": {
    "collapsed": false
   },
   "outputs": [
    {
     "data": {
      "text/plain": [
       "16"
      ]
     },
     "execution_count": 15,
     "metadata": {},
     "output_type": "execute_result"
    }
   ],
   "source": [
    "e.n"
   ]
  },
  {
   "cell_type": "code",
   "execution_count": 16,
   "metadata": {
    "collapsed": false
   },
   "outputs": [
    {
     "data": {
      "text/plain": [
       "array([[ 0.        ,  0.39604025,  0.60089678,  0.7050529 ,  0.36098649,\n",
       "         0.1134071 ,  0.63169966,  0.56936553,  0.58299608,  0.58411516,\n",
       "         0.47700798,  0.70533777,  0.62870156,  0.25883978,  0.55990836,\n",
       "         0.6975752 ],\n",
       "       [ 0.39604025,  0.        ,  0.40957708,  0.68902985,  0.26251731,\n",
       "         0.31160284,  0.45807381,  0.45322285,  0.7283745 ,  0.46826541,\n",
       "         0.32045399,  0.57775205,  0.3080416 ,  0.24435734,  0.17415364,\n",
       "         0.71163772],\n",
       "       [ 0.60089678,  0.40957708,  0.        ,  0.44396438,  0.32221286,\n",
       "         0.60306179,  0.6116395 ,  0.42132924,  0.18445616,  0.33056094,\n",
       "         0.35038628,  0.37866518,  0.64922321,  0.41769249,  0.36764416,\n",
       "         0.05893529],\n",
       "       [ 0.7050529 ,  0.68902985,  0.44396438,  0.        ,  0.15750308,\n",
       "         0.47762009,  0.51848963,  0.81434602,  0.35695929,  0.83936385,\n",
       "         0.36286409,  0.57242149,  0.63534739,  0.71734609,  0.38492076,\n",
       "         0.50635264],\n",
       "       [ 0.36098649,  0.26251731,  0.32221286,  0.15750308,  0.        ,\n",
       "         0.89310522,  0.37564376,  0.47148674,  0.60245503,  0.59371163,\n",
       "         0.84128499,  0.61173793,  0.37327369,  0.32519699,  0.60685661,\n",
       "         0.42474787],\n",
       "       [ 0.1134071 ,  0.31160284,  0.60306179,  0.47762009,  0.89310522,\n",
       "         0.        ,  0.63661894,  0.34513721,  0.35014362,  0.421162  ,\n",
       "         0.60591376,  0.64942795,  0.21613856,  0.04925982,  0.7082341 ,\n",
       "         0.56409392],\n",
       "       [ 0.63169966,  0.45807381,  0.6116395 ,  0.51848963,  0.37564376,\n",
       "         0.63661894,  0.        ,  0.48711375,  0.46602599,  0.349818  ,\n",
       "         0.93060088,  0.45804587,  0.48172306,  0.78481771,  0.62617666,\n",
       "         0.70206683],\n",
       "       [ 0.56936553,  0.45322285,  0.42132924,  0.81434602,  0.47148674,\n",
       "         0.34513721,  0.48711375,  0.        ,  0.49201636,  0.76913223,\n",
       "         0.79766831,  0.7236033 ,  0.51137769,  0.4196442 ,  0.82624252,\n",
       "         0.55364285],\n",
       "       [ 0.58299608,  0.7283745 ,  0.18445616,  0.35695929,  0.60245503,\n",
       "         0.35014362,  0.46602599,  0.49201636,  0.        ,  0.59505143,\n",
       "         0.55323558,  0.55933299,  0.36931753,  0.59710755,  0.5910579 ,\n",
       "         0.29409522],\n",
       "       [ 0.58411516,  0.46826541,  0.33056094,  0.83936385,  0.59371163,\n",
       "         0.421162  ,  0.349818  ,  0.76913223,  0.59505143,  0.        ,\n",
       "         0.34723523,  0.46440077,  0.45253412,  0.65818694,  0.15839941,\n",
       "         0.28174479],\n",
       "       [ 0.47700798,  0.32045399,  0.35038628,  0.36286409,  0.84128499,\n",
       "         0.60591376,  0.93060088,  0.79766831,  0.55323558,  0.34723523,\n",
       "         0.        ,  0.38693437,  0.53120078,  0.45517061,  0.42484129,\n",
       "         0.27706189],\n",
       "       [ 0.70533777,  0.57775205,  0.37866518,  0.57242149,  0.61173793,\n",
       "         0.64942795,  0.45804587,  0.7236033 ,  0.55933299,  0.46440077,\n",
       "         0.38693437,  0.        ,  0.05562239,  0.31240592,  0.48183791,\n",
       "         0.33093885],\n",
       "       [ 0.62870156,  0.3080416 ,  0.64922321,  0.63534739,  0.37327369,\n",
       "         0.21613856,  0.48172306,  0.51137769,  0.36931753,  0.45253412,\n",
       "         0.53120078,  0.05562239,  0.        ,  0.28799738,  0.16851068,\n",
       "         0.53795089],\n",
       "       [ 0.25883978,  0.24435734,  0.41769249,  0.71734609,  0.32519699,\n",
       "         0.04925982,  0.78481771,  0.4196442 ,  0.59710755,  0.65818694,\n",
       "         0.45517061,  0.31240592,  0.28799738,  0.        ,  0.58194476,\n",
       "         0.55688459],\n",
       "       [ 0.55990836,  0.17415364,  0.36764416,  0.38492076,  0.60685661,\n",
       "         0.7082341 ,  0.62617666,  0.82624252,  0.5910579 ,  0.15839941,\n",
       "         0.42484129,  0.48183791,  0.16851068,  0.58194476,  0.        ,\n",
       "         0.35446437],\n",
       "       [ 0.6975752 ,  0.71163772,  0.05893529,  0.50635264,  0.42474787,\n",
       "         0.56409392,  0.70206683,  0.55364285,  0.29409522,  0.28174479,\n",
       "         0.27706189,  0.33093885,  0.53795089,  0.55688459,  0.35446437,\n",
       "         0.        ]])"
      ]
     },
     "execution_count": 16,
     "metadata": {},
     "output_type": "execute_result"
    }
   ],
   "source": [
    "e.W.get_value()"
   ]
  },
  {
   "cell_type": "code",
   "execution_count": null,
   "metadata": {
    "collapsed": true
   },
   "outputs": [],
   "source": [
    "Q = np.random.rand(2,2)"
   ]
  },
  {
   "cell_type": "code",
   "execution_count": null,
   "metadata": {
    "collapsed": true
   },
   "outputs": [],
   "source": [
    "R = 0.5 * (Q + Q.T)"
   ]
  },
  {
   "cell_type": "code",
   "execution_count": null,
   "metadata": {
    "collapsed": true
   },
   "outputs": [],
   "source": [
    "np.fill_diagonal(R, 0)"
   ]
  },
  {
   "cell_type": "code",
   "execution_count": 9,
   "metadata": {
    "collapsed": false
   },
   "outputs": [
    {
     "name": "stdout",
     "output_type": "stream",
     "text": [
      "[[ 0.49551631  0.78881879  0.58994301]\n",
      " [ 0.78881879  0.38253977  0.29270314]\n",
      " [ 0.58994301  0.29270314  0.12937292]]\n"
     ]
    }
   ],
   "source": [
    "U = np.random.rand(3, 3)\n",
    "R = 0.5 * (U + U.T)\n",
    "print(R)"
   ]
  },
  {
   "cell_type": "code",
   "execution_count": 11,
   "metadata": {
    "collapsed": false
   },
   "outputs": [
    {
     "name": "stdout",
     "output_type": "stream",
     "text": [
      "[[ 0.          0.78881879  0.58994301]\n",
      " [ 0.78881879  0.          0.29270314]\n",
      " [ 0.58994301  0.29270314  0.        ]]\n"
     ]
    }
   ],
   "source": [
    "np.fill_diagonal(R, 0)\n",
    "print (R)"
   ]
  },
  {
   "cell_type": "code",
   "execution_count": null,
   "metadata": {
    "collapsed": true
   },
   "outputs": [],
   "source": []
  },
  {
   "cell_type": "code",
   "execution_count": 37,
   "metadata": {
    "collapsed": true
   },
   "outputs": [],
   "source": [
    "W = np.load('W.dat.npy')"
   ]
  },
  {
   "cell_type": "code",
   "execution_count": 43,
   "metadata": {
    "collapsed": false
   },
   "outputs": [
    {
     "name": "stdout",
     "output_type": "stream",
     "text": [
      "(1, 256)\n",
      "<class 'numpy.ndarray'>\n"
     ]
    }
   ],
   "source": [
    "W = W.reshape(1,-1)\n",
    "print (W.shape)\n",
    "print (type(W))"
   ]
  },
  {
   "cell_type": "code",
   "execution_count": 45,
   "metadata": {
    "collapsed": false
   },
   "outputs": [
    {
     "data": {
      "text/plain": [
       "[<matplotlib.lines.Line2D at 0x9085e80>]"
      ]
     },
     "execution_count": 45,
     "metadata": {},
     "output_type": "execute_result"
    },
    {
     "data": {
      "image/png": "iVBORw0KGgoAAAANSUhEUgAAAgsAAAFoCAYAAADZ17inAAAABHNCSVQICAgIfAhkiAAAAAlwSFlz\nAAAPYQAAD2EBqD+naQAAIABJREFUeJzt3X+w3XV95/FncisxmfVaB9sEhVUQ901wGUFcKY0/0s7O\nRFiQlfoDYXek/ipQp1o6s0y7tHRbW0aEqtVWqruwE9OiVkMDRtipP8BR0BKw/gB8T4WClMTYYJqb\nuUko98f+cc61h5N7T873/LjnfL/f52OGCed7Pvd+v+/5wL2vvO4537tifn4eSZKkpawc9QVIkqTx\nZliQJEkdGRYkSVJHhgVJktSRYUGSJHVkWJAkSR0ZFiRJUkeGBUmS1JFhQZIkdfQzvX5gRGwHdmfm\n25Z4/jTgY8ApwPeASzPzvl7PJ0mSRqOnZiEiLgDO6vD8GmA7cCfwMuBuYHtErO7lfJIkaXQKNwsR\n8RzgGuDvOiy7ADiQmVc0H783Is4G3ghsLnyVkiRpZHppFq6l8Q3/wQ5rzgC+1nbs68CZPZxPkiSN\nUKGwEBG/DLwK+MMjLD0G2Nl2bDdwbJHzSZKk0es6LETEKuB64LLMfPIIy9cA7WueBFYVuzxJkjRq\nRV6z8PvAPZn5xS7WHuLwYLAKOFDgfMzPz8+vWLGiyIdIklRLs3PzbLvzIbbc/iBPzcxx63XnDewb\naJGw8GZgbUTsbz5eBRARb8jMyba1jwPr2o6tA3YVubgVK1YwNXWQ2dm5Ih9WKhMTK5mcXO2cFVGX\nOaE+szpntVR1zp17pvnErQ/w0OP7APiZicH+RbtIWHgN8IyWx9cA88D/WGTtN4Ar2o5tAN5X6OqA\n2dk5Zmaqs6FLcc5qqcucUJ9ZnbNaqjLn3Nw8/++eH3LzV/+RmWb4Of6YZ/HO171koOfpOixk5mOt\nj5sNw3xm/mPz8VpgX2YeAj4LXB0RHwQ+DlxC43UMnxnUhUuSVGe7npjmhu0P8tDOKaDRJpz3yuN5\n7Rn/nlVH9XzPxUUN8rPtAi4GNmfm/og4B/gL4F3Ad4CzMvPgAM8nSVLtLNUmvO3s9Tz/5/7dUM7Z\nc1jIzF9te7yy7fEO4PReP78kSXq6Tm3CxMrh/bqnwfYUkiRp4EbRJrQyLEiSNMZG1Sa0MixIkjSG\nRt0mtDIsSJI0ZsahTWhlWJAkaUyMU5vQyrAgSdIYGLc2oZVhQZKkERrXNqGVYUGSpBEZ5zahlWFB\nkqRlVoY2oZVhQZKkZVSWNqGVYUGSpGVQtjahlWFBkqQhK2Ob0MqwIEnSkJS5TWhlWJAkaQjK3ia0\nMixIkjRAVWkTWhkWJEkakCq1Ca0MC5Ik9amKbUIrw4IkSX2oapvQyrAgSVIPqt4mtDIsSJJUUB3a\nhFaGBUmSulSnNqGVYUGSpC7UrU1oZViQJKmDurYJrQwLkiQtoc5tQivDgiRJbWwTns6wIElSC9uE\nwxkWJEnCNqGTwmEhIl4E/BmwAXgC+GhmXrvE2m3AucA8sKL557mZ+YWer1iSpAGzTeisUFiIiBXA\nduCbwKnAi4FPRcQ/ZeanFvmQ9cCFwJdbju3t8VolSRoo24TuFG0W1gLfAi7LzGngoYj4EvBK4Glh\nISKOAo4HdmTmjwdxsZIkDYptQvcKhYXM/BHwloXHEbEBeDVwySLLA5gDHu7nAiVJGqTZuXm23/0I\nn7vjYduELvX8AseIeAQ4Dvg8sHWRJeuBKWBLRGwEHgOuyszbez2nJEn92Llnmj/65L3ko42fiNsm\ndKefd0OcD6wDrgc+BLyn7fmTgNXAbcDVzfW3RsQZmXlftyeZmKj25i3M55zVUJc5oT6zOmc1zM3N\nc9s3H2XrHQ/zVLNNOOF5k7zj3JM5toJtwqD3ccX8/HxfnyAifgXYAjwrM2fannt2Zu5reXwLsDMz\nF/uxxWL6uzhJUu09tns/H/70t1rahJVcuCk4f+OJlQ1HTSsG9YmKvhvi54EzM3Nby+EHgKOASeAn\nretbg0LTg8DJRc45NXWQ2WYKrKKJiZVMTq52zoqoy5xQn1mds7yWahMuv+h0nrPmGUxNHRzxFQ7P\nwn4OStEfQxwPbI2IYzNzV/PYy4F/zsynBYWIuBGYy8y3txw+FfhOkRPOzs4xM1ON/3A7cc5qqcuc\nUJ9ZnbNclnqnwzkbXshzj34We/dOV2LO5VI0LNwD7ABuiIjLaYSHa4D3AUTEWmBfZh4CbgFuiog7\ngLuAi2jcyOmdg7l0SZKe7kj3TfBFjL0p+tbJuYg4D/gojQAwDXwoMz/aXLILuBjYnJk3R8RlwJU0\n3jVxP7ApM384qIuXJGmB900YnsLvhmjea+ENSzy3su3xDcANvV2aJElH5l0Yh89fJCVJKi3bhOVh\nWJAklY5twvIyLEiSSsU2YfkZFiRJpWCbMDqGBUnS2LNNGC3DgiRpbNkmjAfDgiRpLNkmjA/DgiRp\nrNgmjB/DgiRpbNgmjCfDgiRp5GwTxpthQZI0UrYJ48+wIEkaCduE8jAsSJKWnW1CuRgWJEnLxjah\nnAwLkqRlYZtQXoYFSdJQ2SaUn2FBkjQ0tgnVYFiQJA2cbUK1GBYkSQNlm1A9hgVJ0kDYJlSXYUGS\n1DfbhGozLEiSemabUA+GBUlST2wT6sOwIEkqxDahfgwLkqSu2SbUk2FBknREtgn1VjgsRMSLgD8D\nNgBPAB/NzGuXWHsa8DHgFOB7wKWZeV/vlytJWm62CSq0yxGxAtgO7AZOBS4BroyICxZZu6a59k7g\nZcDdwPaIWN3vRUuShm9ubp7bvvkoV91wz0+DwvHHPIurLv5P/JczX2hQqJGizcJa4FvAZZk5DTwU\nEV8CXgl8qm3tBcCBzLyi+fi9EXE28EZgcx/XLEkaMtsEtSoUFjLzR8BbFh5HxAbg1TQahnZnAF9r\nO/Z14EwMC5I0lhbaBF+boFY9v8AxIh4BjgM+D2xdZMkxNF6n0Go38JJezylJGp7Hdu/nur+8l4ce\n3wfYJujf9PNuiPOBdcD1wIeA97Q9vwZ4su3Yk8CqPs4pSRqwubl5tt/9CFvvfJinZmwTdLiew8LC\nuxoi4jeBLRHxW5k507LkEIcHg1XAgSLnmZiodppdmM85q6Euc0J9Zq36nDv3TPOJWx94Wpvw+le/\niLPPrGabUPX9XDDo+QqFhYj4eeDMzNzWcvgB4ChgEvhJy/HHaTQPrdYBu4qcc3KyHm+ecM5qqcuc\nUJ9Zqzbn7Nw82+78AVtu//5P24QXH/ezvOeC03jBuskRX93wVW0/h61os3A8sDUijs3MhW/6Lwf+\nOTN/0rb2G8AVbcc2AO8rcsKpqYPMNl9kU0UTEyuZnFztnBVRlzmhPrNWcc7F2oRf2Xgib9l0EtPT\nT7J37/SIr3B4qrifi1mYc1CKhoV7gB3ADRFxOY3wcA3NABARa4F9mXkI+CxwdUR8EPg4jXdMrAE+\nU+SEs7NzzMxUd0MXOGe11GVOqM+sVZiz010YX3DMJBMTKysxZzfqMuegFPqhRmbOAecB08BdNELA\nhzLzo80lu4A3NdfuB86h8dbKHcArgLMy8+BgLl2S1K1dT0xz9ZZ7+euvPMTM7FyjTXjNCfzOfz/d\nFzHqiAq/wLF5r4U3LPHcyrbHO4DTe7s0SVK//J0OGgR/kZQkVZR3YdSgGBYkqWJsEzRohgVJqhDb\nBA2DYUGSKsA2QcNkWJCkkrNN0LAZFiSppGwTtFwMC5JUQrYJWk6GBUkqEdsEjYJhQZJKwjZBo2JY\nkKQxZ5ugUTMsSNIYs03QODAsSNIYsk3QODEsSNKYsU3QuDEsSNKYsE3QuDIsSNIYsE3QODMsSNII\n2SaoDAwLkjQitgkqC8OCJC0z2wSVjWFBkpaRbYLKyLAgScvANkFlZliQpCGzTVDZGRYkaUhsE1QV\nhgVJGgLbBFWJYUGSBsg2QVVkWJCkAbFNUFUZFiSpT7YJqjrDgiT1wTZBdVAoLETE84A/BX4JOAB8\nBvjtzPzXRdZuA84F5oEVzT/Pzcwv9HvRkjRqtgmqk6LNwueAJ4ANwNHAjcAMcMUia9cDFwJfbjm2\nt4drlKSxYpuguuk6LEREAK8A1mbmnuax3wM+QFtYiIijgOOBHZn548FdriSNjm2C6qpIs/Aj4LUL\nQaFpBfDsRdYGMAc83Me1SdLY2Llnmk/ccr9tgmqp67CQmfuAv114HBErgHcDX1xk+XpgCtgSERuB\nx4CrMvP2vq5WkpbZ3Nw8W7/yD2y57fs8ZZugmurn3RAfAE4FXr7IcycBq4HbgKuB84FbI+KMzLyv\nj3NK0rLZ9cQ0N3zh+zz0+D7ANkH11VNYiIj3A78BvCkzH2x/PjP/ICI+3GwjAL4bEacD7wIuKXKu\niYlq/w+5MJ9zVkNd5oRqzzo3N89t33yUrXc8/NM24YTnTfKOc0/m2Iq2CVXez1Z1m3NQCoeFiPgI\n8GvARZn5N0utawkKCx4ETi56vsnJ1UU/pJScs1rqMidUb9bHdu/nw5/+Fvlo481bPzOxkgs3Bedv\nPLHy32Cgevu5lLrMOShF77NwFY124M2ZeXOHdTcCc5n59pbDpwLfKXqBU1MHmW0m+yqamFjJ5ORq\n56yIuswJ1Zt1qTbh1877j5x84s9VZs6lVG0/l1K3OQelyFsn1wNXAn8M3BURaxeey8zdzcf7MvMQ\ncAtwU0TcAdwFXETj3gzvLHqBs7NzzMxUd0MXOGe11GVOqMasne6bsOqoxpfJKszZDefUYoo0C68D\nVtIIDFc2jy3cmXEC2AVcDGzOzJsj4rLmuuOA+4FNmfnDAV23JPXN+yZI3Sny1sn3A+/v8PzKtsc3\nADf0fmmSNDzehVHqnr9ISlKt2CZIxRkWJNWGbYLUG8OCpMqzTZD6Y1iQVGm2CVL/DAuSKsk2QRoc\nw4KkyrFNkAbLsCCpMmwTpOEwLEiqBNsEaXgMC5JKzTZBGj7DgqTSsk2QlodhQVLp2CZIy8uwIKlU\nbBOk5WdYkFQKtgnS6BgWJI092wRptAwLksaWbYI0HgwLksaSbYI0PgwLksaKbYI0fgwLksaGbYI0\nngwLkkbONkEab4YFSSNlmyCNP8OCpJGwTZDKw7AgadnZJkjlYliQtGxsE6RyMixIWha2CVJ5GRYk\nDZVtglR+hgVJQ2ObIFWDYUHSwNkmSNVSKCxExPOAPwV+CTgAfAb47cz810XWngZ8DDgF+B5waWbe\n1/cVSxprtglS9RRtFj4HPAFsAI4GbgRmgCtaF0XEGmA78EngrcClwPaIOCEzD/Z70ZLGj22CVF1d\nh4WICOAVwNrM3NM89nvAB2gLC8AFwIHMXDj+3og4G3gjsLnvq5Y0VmwTpGor0iz8CHjtQlBoWgE8\ne5G1ZwBfazv2deBMDAtSZczOzbP97kf43B0P2yZIFdZ1WMjMfcDfLjyOiBXAu4EvLrL8GBqvU2i1\nG3hJD9coaQzt3DPNH33yXvLRvYBtglRl/bwb4gPAqcDLF3luDfBk27EngVVFTzIxUe0vOgvzOWc1\n1GHOubl5bvvmo2y942GearYJJzxvknecezLHVrBNqMOegnNWzaDn6yksRMT7gd8A3pSZDy6y5BCH\nB4NVNN5BUcjk5OriF1hCzlktVZ3zsd37+fCnv9XSJqzkwk3B+RtPrPwX36ruaTvn1GIKh4WI+Ajw\na8BFmfk3Syx7HFjXdmwdsKvo+aamDjLb/NtLFU1MrGRycrVzVkRV51yqTbj8otN5zppnMDVV3Tc5\nVXVP2zlntSzMOShF77NwFfAu4M2ZeXOHpd/g8HdIbADeV+zyYHZ2jpmZ6m7oAueslirNudQ7Hc7Z\n8EKee/Sz2Lt3ujKzdlKlPe3EObWYIm+dXA9cCfwxcFdErF14LjN3Nx/vy8xDwGeBqyPig8DHgUto\nvI7hM4O8eEnDc6T7JvgiRqk+ijQLrwNW0ggMVzaPrQDmgQkaP2K4GNicmfsj4hzgL2g0Ed8BzvKG\nTFI5eN8ESa2KvHXy/cD7Ozy/su3xDuD03i9N0nLzLoySFuMvkpIE2CZIWpphQao52wRJR2JYkGrM\nNkFSNwwLUg3ZJkgqwrAg1YxtgqSiDAtSTdgmSOqVYUGqAdsESf0wLEgVZpsgaRAMC1JF2SZIGhTD\nglQxtgmSBs2wIFWIbYKkYTAsSBVgmyBpmAwLUsnZJkgaNsOCVFK2CZKWi2FBKiHbBEnLybAglYht\ngqRRMCxIJWGbIGlUDAvSmLNNkDRqhgVpjNkmSBoHhgVpDNkmSBonhgVpzNgmSBo3hgVpTNgmSBpX\nhgVpDNgmSBpnhgVphGwTJJWBYUEaEdsESWVhWJCWmW2CpLIxLEjLyDZBUhn1HBYiYhWwA/j1zPzq\nEmu2AecC88CK5p/nZuYXej2vVEa2CZLKrKew0AwKNwEnH2HpeuBC4Mstx/b2ck6prGwTJJVd4bAQ\nEeuBv+pi3VHA8cCOzPxxD9cmlZptgqSq6KVZeA3wJeBK4ECHdQHMAQ/3cA6p1HbumeYTt9xvmyCp\nEgqHhcy8fuHfI6LT0vXAFLAlIjYCjwFXZebtRc8plcXc3Dxbv/IPbLnt+zxlmyCpIob5boiTgNXA\nbcDVwPnArRFxRmbe1+0nmZio9t/CFuZzzvLbuWea//35B/jBP+0DGm3C61/9Is4+s5ptQh32FJyz\nauo256CsmJ+f7/mDI2IO2Njh3RDPzsx9LY9vAXZm5iVdnqL3i5OWyezcPNvu/AFbbv8+T8002oQX\nH/ezvOeC03jBuskRX52kGlsxqE801PsstAaFpgc58jsonmZq6iCzzTq3iiYmVjI5udo5S2rnnmk+\ncesDPPT4v7UJF246if98+vNhHvbunR7xFQ5PVfe0nXNWS93mHJShhYWIuBGYy8y3txw+FfhOkc8z\nOzvHzEx1N3SBc5bLUu90eOfrXsIp/2Ete/dOV2LOblRlT4/EOaulLnMOykDDQkSsBfZl5iHgFuCm\niLgDuAu4CNgAvHOQ55SWW6f7Jqw6ypuiSqqefr+ytb+mYBdwMbA5M2+OiMtovMXyOOB+YFNm/rDP\nc0oj4X0TJNVVX2EhMyfaHq9se3wDcEM/55DGgXdhlFRndqZSB7YJkmRYkJZkmyBJDYYFqY1tgiQ9\nnWFBamGbIEmHMyxI2CZIUieGBdWebYIkdWZYUG3ZJkhSdwwLqiXbBEnqnmFBtWKbIEnFGRZUG7YJ\nktQbw4IqzzZBkvpjWFCl2SZIUv8MC6ok2wRJGhzDgirHNkGSBsuwoMqwTZCk4TAsqBJsEyRpeAwL\nKjXbBEkaPsOCSss2QZKWh2FBpWObIEnLy7CgUrFNkKTlZ1hQKdgmSNLoGBY09mwTJGm0DAsaW7YJ\nkjQeDAsaS7YJkjQ+DAsaK7YJkjR+DAsaG7YJkjSeDAsaOdsESRpvPYeFiFgF7AB+PTO/usSa04CP\nAacA3wMuzcz7ej2nqsc2QZLGX09hoRkUbgJO7rBmDbAd+CTwVuBSYHtEnJCZB3s5r6rDNkGSyqNw\nWIiI9cBfdbH0AuBAZl7RfPzeiDgbeCOwueh5VR22CZJULr00C68BvgRcCRzosO4M4Gttx74OnIlh\noZZm5+bZfvcjfO6Oh20TJKlECoeFzLx+4d8jotPSY2i8TqHVbuAlRc+p8tu5Z5o/+uS95KN7AdsE\nSSqTYb4bYg3wZNuxJ4FVRT7JxES1v5EszFfVOefm5rntm4+y9Y6HearZJpzwvEnece7JHFvBNqHq\n+9mqLrM6Z7XUbc5BGWZYOMThwWAVnX90cZjJydUDu6BxVsU5H9u9nw9/+lstbcJKLtwUnL/xxMr/\nj1rF/VxKXWZ1zmqpy5yDMsyw8Diwru3YOmBXkU8yNXWQ2ebfSKtoYmIlk5OrKzXnUm3C5RedznPW\nPIOpqeq+GaaK+7mUuszqnNVStzkHZZhh4RvAFW3HNgDvK/JJZmfnmJmp7oYuqMqcS73T4ZwNL+S5\nRz+LvXunKzHnkVRlP7tRl1mds1rqMuegDDQsRMRaYF9mHgI+C1wdER8EPg5cQuN1DJ8Z5Dk1Ho50\n3wRfxChJ5dVvWJhve7wLuBjYnJn7I+Ic4C+AdwHfAc7yhkzV430TJKna+goLmTnR9nhl2+MdwOn9\nnEPjy7swSlI9+Iuk1BPbBEmqD8OCCrFNkKT6MSyoa7YJklRPhgUdkW2CJNWbYUEd2SZIkgwLWpRt\ngiRpgWFBh7FNkCS1Mizop2wTJEmLMSwIsE2QJC3NsFBztgmSpCMxLNSYbYIkqRuGhRqyTZAkFWFY\nqBnbBElSUYaFmrBNkCT1yrBQA7YJkqR+GBYqzDZBkjQIhoWKsk2QJA2KYaFibBMkSYNmWKgQ2wRJ\n0jAYFirANkGSNEyGhZKzTZAkDZthoaRsEyRJy8WwUEK2CZKk5WRYKBHbBEnSKBgWSsI2QZI0KoaF\nMWebIEkatcJhISJWAX8OnA8cAK7LzD9ZYu024FxgHljR/PPczPxCz1dcI7YJkqRx0EuzcC3wMmAj\n8EJgc0Q8kplbF1m7HrgQ+HLLsb09nLNWbBMkSeOkUFiIiDXA24FNmflt4NsRcQ3wbmBr29qjgOOB\nHZn54wFdb+XZJkiSxk3RZuGlzY+5u+XY14DfWWRtAHPAw71dWr3Mzc1z2zcftU2QJI2domHhGGBP\nZs60HNsNPDMijs7MJ1qOrwemgC0RsRF4DLgqM2/v54Kr6LHd+7nuL+/locf3AbYJkqTxUjQsrAGe\nbDu28HhV2/GTgNXAbcDVNF4QeWtEnJGZ9xW90Cqam5tn+92PsPXOh3lqxjZBkjSeioaFQxweChYe\nH2g9mJl/EBEfzsx9zUPfjYjTgXcBl3R7womJav7NeueeaT5x6wNPaxNe/+oXcfaZ1WwTFvaxqvu5\noC5zQn1mdc5qqducg1I0LDwOPDciVmbmXPPYOuBgZv5L++KWoLDgQeDkIiecnFxd8BLH2+zcPNvu\n/AFbbv/+T9uEFx/3s7zngtN4wbrJEV/d8FVtP5dSlzmhPrM6Z7XUZc5BKRoW/h54CvgF4K7msVcB\n97QvjIgbgbnMfHvL4VOB7xQ54dTUQWZn5468sAQWaxN+ZeOJvGXTSUxPP8nevdMjvsLhmZhYyeTk\n6krt52LqMifUZ1bnrJa6zTkohcJCZh6MiM3A9RHxNuBY4LeAtwJExFpgX2YeAm4BboqIO2gEi4uA\nDcA7i5xzdnaOmZlyb2in+ya84JhJJiZWVmLObjhn9dRlVueslrrMOSi93JTpchp3cPwysA/43czc\n1nxuF3AxsDkzb46Iy4ArgeOA+2ncn+GHfV91iXjfBElS2RUOC5l5EPjV5j/tz61se3wDcEPPV1di\n3oVRklQV/iKpIbBNkCRViWFhgGwTJElVZFgYENsESVJVGRb6ZJsgSao6w0IfbBMkSXVgWOiBbYIk\nqU4MCwXZJkiS6saw0CXbBElSXRkWumCbIEmqM8NCB7YJkiQZFpZkmyBJUoNhoY1tgiRJT2dYaGGb\nIEnS4QwL2CZIktRJ7cOCbYIkSZ3VNizYJkiS1J1ahgXbBEmSulersGCbIElScbUJC7YJkiT1pvJh\nwTZBkqT+VDos2CZIktS/SoYF2wRJkgancmHBNkGSpMGqTFiwTZAkaTgqERZsEyRJGp5ShwXbBEmS\nhq+0YcE2QZKk5VE4LETEKuDPgfOBA8B1mfknS6w9DfgYcArwPeDSzLyv98u1TZAkabn10ixcC7wM\n2Ai8ENgcEY9k5tbWRRGxBtgOfBJ4K3ApsD0iTsjMg71crG2CJEnLr1BYaAaAtwObMvPbwLcj4hrg\n3cDWtuUXAAcy84rm4/dGxNnAG4HNRc5rmyBJ0ugUbRZe2vyYu1uOfQ34nUXWntF8rtXXgTMpEBZ2\n7pnmE7fcb5sgSdKIFA0LxwB7MnOm5dhu4JkRcXRmPtG29nttH78beEm3J9v6lR+w5bYHeco2QZKk\nkSkaFtYAT7YdW3i8qsu17euWdOPn7wcabcLrX/0izj6zem3CxMTKp/1ZVc5ZPXWZ1TmrpW5zDkrR\nsHCIw7/ZLzw+0OXa9nVLuvW681YUuroSm5xcPepLWBbOWT11mdU5q6Uucw5K0ejxOPDciGj9uHXA\nwcz8l0XWrms7tg7YVfCckiRphIqGhb8HngJ+oeXYq4B7Fln7DeAX245taB6XJEklsWJ+fr7QB0TE\nx2h8038bcCzwf4G3Zua2iFgL7MvMQxHxLOAfgJuAjwOXAG8ATuz1PguSJGn59fIKiMuBe4EvAx8B\nfjcztzWf2wW8CSAz9wPnAK8GdgCvAM4yKEiSVC6FmwVJklQv1X7viCRJ6pthQZIkdWRYkCRJHRkW\nJElSR4YFSZLUUdHbPQ9URKwC/hw4n8ZtoK/LzD9ZYu1pwMeAU2j8gqpLM/O+5brWfhSccxtwLjAP\nrGj+eW5mfmGZLrdvzXl3AL+emV9dYk1p93NBl3OWdj8j4nnAnwK/ROO/288Av52Z/7rI2tLuZ8E5\nS7ufABHxIuDPaNwr5wngo5l57RJry7ynReYs9Z4uiIjtwO7MfNsSz/e1n6NuFq4FXgZsBC4DroqI\n89sXRcQaYDtwZ3P93cD2iCjLzb27mrNpPXAhjd/aua75598uwzUORPMb6E3AyR3WlH0/u5qzqcz7\n+TngmTS+4F5A4wvqH7YvqsB+djVnU2n3MyJW0Nin3cCpNG6Ud2VEXLDI2tLuaZE5m0q7pwuas53V\n4fm+93NkzULz4t8ObMrMbwPfjohrgHcDW9uWXwAcyMwrmo/fGxFnA28ENi/XNfeiyJwRcRRwPLAj\nM3+87Bfbp4hYD/xVF0tLu5/Q/Zxl3s+ICBo3UlubmXuax34P+ABwRdvy0u5nkTnLvJ9Na4FvAZdl\n5jTwUER8CXgl8Km2taXdUwrMWYE9JSKeA1wD/F2HZX3v5yibhZfSCCt3txz7GnDGImvPaD7X6uvA\nmcO5tIEqMmcAc8DDy3Bdw/Aa4Es09qXTbwwt835C93OWeT9/BLx24Rto0wrg2YusLfN+FpmzzPtJ\nZv4oM9/S/AZKRGygcYfdryyyvLR7WnDOUu9p07U0vuE/2GFN3/s5ytcsHAPsycyZlmO7gWdGxNGZ\n+UTb2u8SejzfAAADfUlEQVS1ffxu4CVDvsZBKDLnemAK2BIRG4HHgKsy8/Zlu9o+ZOb1C//e+Avb\nksq8n0XmLO1+ZuY+WqrYZrX7buCLiywv7X4WnLO0+9kuIh4BjgM+z+FNLpR4T1t1MWep9zQifpnG\nL3M8Bbi+w9K+93OUzcIa4Mm2YwuPV3W5tn3dOCoy50nAauA2YBPwBeDWiHjZUK9w+ZV5P4uo0n5+\ngMbPf//nIs9VaT87zVml/TyfxmszTgM+tMjzVdnTI81Z2j1tvm7qeho/bmnfq3Z97+cow8IhDr/Q\nhccHulzbvm4cdT1nZv4B8PzM/GRmfjcz/xeN/4jfNfzLXFZl3s+uVWU/I+L9wG8AF2XmYlVnJfbz\nSHNWZT8BMvO+5qv9fxN4V0S0t8yV2NMjzVnyPf194J7MXKwFa9f3fo4yLDwOPDciWq9hHXAwM/9l\nkbXr2o6to/FbLsddkTkXatFWDwLPH+L1jUKZ97OQsu9nRHyExhfaizLzb5ZYVvr97HLOUu9nRPx8\nRJzXdvgB4Chgsu14afe04Jxl3tM3A/81IvZHxH7gIuC/RcTUImv73s9RhoW/B54CfqHl2KuAexZZ\n+w3gF9uObWgeH3ddzxkRN0bE/2k7fCrw/eFd3kiUeT+7Vvb9jIiraPwN682Z+dcdlpZ6P7uds+z7\nSeNV/1sj4piWYy8H/jkzf9K2tsx72vWcJd/T19B4rcJLm//cAmxr/nu7vvdzZC9wzMyDEbEZuD4i\n3gYcC/wW8FaAiFgL7MvMQ8Bngasj4oPAx2m8b3YNjZunjLWCc94C3BQRdwB30UiKG4B3juLaB6kq\n+3kkVdnP5ttDrwT+GLirORcAmbm7KvtZcM7S7mfTPTRuInZDRFxO45vqNcD7oFL/jxaZs7R7mpmP\ntT5utgvzmfmPzccD3c9R35TpcuBe4MvAR4Dfzcxtzed2AW8CyMz9wDk03v6yg8b7os/KzIPLfsW9\n6XbOm2nctOlK4Ls0XpizKTN/uOxX3L/5tsdV2s9WneYs836+jsbXhyuBnc1/djX/hOrsZ5E5y7yf\nZOYccB4wTeMb48eBD2XmR5tLKrGnBecs9Z4ewUD3c8X8fPvXOkmSpH8z6mZBkiSNOcOCJEnqyLAg\nSZI6MixIkqSODAuSJKkjw4IkSerIsCBJkjoyLEiSpI4MC5IkqSPDgiRJ6siwIEmSOvr/ePdqBqhJ\ngBsAAAAASUVORK5CYII=\n",
      "text/plain": [
       "<matplotlib.figure.Figure at 0xc83cbe0>"
      ]
     },
     "metadata": {},
     "output_type": "display_data"
    }
   ],
   "source": [
    "A = np.arange(5)\n",
    "plt.plot(A)"
   ]
  },
  {
   "cell_type": "code",
   "execution_count": 42,
   "metadata": {
    "collapsed": false
   },
   "outputs": [
    {
     "data": {
      "text/plain": [
       "[<matplotlib.lines.Line2D at 0xc511c18>,\n",
       " <matplotlib.lines.Line2D at 0xc511ef0>,\n",
       " <matplotlib.lines.Line2D at 0xc516160>,\n",
       " <matplotlib.lines.Line2D at 0xc516390>,\n",
       " <matplotlib.lines.Line2D at 0xc5165c0>,\n",
       " <matplotlib.lines.Line2D at 0xc5167f0>,\n",
       " <matplotlib.lines.Line2D at 0xc516a20>,\n",
       " <matplotlib.lines.Line2D at 0xc516c50>,\n",
       " <matplotlib.lines.Line2D at 0xc516e80>,\n",
       " <matplotlib.lines.Line2D at 0xc5170f0>,\n",
       " <matplotlib.lines.Line2D at 0xc517320>,\n",
       " <matplotlib.lines.Line2D at 0xc517550>,\n",
       " <matplotlib.lines.Line2D at 0xc4ead68>,\n",
       " <matplotlib.lines.Line2D at 0xc5179b0>,\n",
       " <matplotlib.lines.Line2D at 0xc517be0>,\n",
       " <matplotlib.lines.Line2D at 0xc517e10>,\n",
       " <matplotlib.lines.Line2D at 0xc51a080>,\n",
       " <matplotlib.lines.Line2D at 0xc51a2b0>,\n",
       " <matplotlib.lines.Line2D at 0xc517780>,\n",
       " <matplotlib.lines.Line2D at 0xc51a710>,\n",
       " <matplotlib.lines.Line2D at 0xc51a940>,\n",
       " <matplotlib.lines.Line2D at 0xc51ab70>,\n",
       " <matplotlib.lines.Line2D at 0xc51ada0>,\n",
       " <matplotlib.lines.Line2D at 0xc51afd0>,\n",
       " <matplotlib.lines.Line2D at 0xc51a4e0>,\n",
       " <matplotlib.lines.Line2D at 0xc51c470>,\n",
       " <matplotlib.lines.Line2D at 0xc51c6a0>,\n",
       " <matplotlib.lines.Line2D at 0xc51c8d0>,\n",
       " <matplotlib.lines.Line2D at 0xc51cb00>,\n",
       " <matplotlib.lines.Line2D at 0xc51cd30>,\n",
       " <matplotlib.lines.Line2D at 0xc51c240>,\n",
       " <matplotlib.lines.Line2D at 0xc51e1d0>,\n",
       " <matplotlib.lines.Line2D at 0xc51e400>,\n",
       " <matplotlib.lines.Line2D at 0xc51e630>,\n",
       " <matplotlib.lines.Line2D at 0xc51e860>,\n",
       " <matplotlib.lines.Line2D at 0xc51ea90>,\n",
       " <matplotlib.lines.Line2D at 0xc51cf60>,\n",
       " <matplotlib.lines.Line2D at 0xc51eef0>,\n",
       " <matplotlib.lines.Line2D at 0xc520160>,\n",
       " <matplotlib.lines.Line2D at 0xc520390>,\n",
       " <matplotlib.lines.Line2D at 0xc5205c0>,\n",
       " <matplotlib.lines.Line2D at 0xc5207f0>,\n",
       " <matplotlib.lines.Line2D at 0xc51ecc0>,\n",
       " <matplotlib.lines.Line2D at 0xc520c50>,\n",
       " <matplotlib.lines.Line2D at 0xc520e80>,\n",
       " <matplotlib.lines.Line2D at 0xc5230f0>,\n",
       " <matplotlib.lines.Line2D at 0xc523320>,\n",
       " <matplotlib.lines.Line2D at 0xc523550>,\n",
       " <matplotlib.lines.Line2D at 0xc520a20>,\n",
       " <matplotlib.lines.Line2D at 0xc5239b0>,\n",
       " <matplotlib.lines.Line2D at 0xc523be0>,\n",
       " <matplotlib.lines.Line2D at 0xc523e10>,\n",
       " <matplotlib.lines.Line2D at 0xc525080>,\n",
       " <matplotlib.lines.Line2D at 0xc5252b0>,\n",
       " <matplotlib.lines.Line2D at 0xc523780>,\n",
       " <matplotlib.lines.Line2D at 0xc525710>,\n",
       " <matplotlib.lines.Line2D at 0xc525940>,\n",
       " <matplotlib.lines.Line2D at 0xc525b70>,\n",
       " <matplotlib.lines.Line2D at 0xc525da0>,\n",
       " <matplotlib.lines.Line2D at 0xc525fd0>,\n",
       " <matplotlib.lines.Line2D at 0xc5254e0>,\n",
       " <matplotlib.lines.Line2D at 0xc527470>,\n",
       " <matplotlib.lines.Line2D at 0xc5276a0>,\n",
       " <matplotlib.lines.Line2D at 0xc5278d0>,\n",
       " <matplotlib.lines.Line2D at 0xc527b00>,\n",
       " <matplotlib.lines.Line2D at 0xc527d30>,\n",
       " <matplotlib.lines.Line2D at 0xc527240>,\n",
       " <matplotlib.lines.Line2D at 0xc5291d0>,\n",
       " <matplotlib.lines.Line2D at 0xc529400>,\n",
       " <matplotlib.lines.Line2D at 0xc529630>,\n",
       " <matplotlib.lines.Line2D at 0xc529860>,\n",
       " <matplotlib.lines.Line2D at 0xc529a90>,\n",
       " <matplotlib.lines.Line2D at 0xc527f60>,\n",
       " <matplotlib.lines.Line2D at 0xc529ef0>,\n",
       " <matplotlib.lines.Line2D at 0xc52c160>,\n",
       " <matplotlib.lines.Line2D at 0xc52c390>,\n",
       " <matplotlib.lines.Line2D at 0xc52c5c0>,\n",
       " <matplotlib.lines.Line2D at 0xc52c7f0>,\n",
       " <matplotlib.lines.Line2D at 0xc529cc0>,\n",
       " <matplotlib.lines.Line2D at 0xc52cc50>,\n",
       " <matplotlib.lines.Line2D at 0xc52ce80>,\n",
       " <matplotlib.lines.Line2D at 0xc52e0f0>,\n",
       " <matplotlib.lines.Line2D at 0xc52e320>,\n",
       " <matplotlib.lines.Line2D at 0xc52e550>,\n",
       " <matplotlib.lines.Line2D at 0xc52ca20>,\n",
       " <matplotlib.lines.Line2D at 0xc52e9b0>,\n",
       " <matplotlib.lines.Line2D at 0xc52ebe0>,\n",
       " <matplotlib.lines.Line2D at 0xc52ee10>,\n",
       " <matplotlib.lines.Line2D at 0xc52f080>,\n",
       " <matplotlib.lines.Line2D at 0xc52f2b0>,\n",
       " <matplotlib.lines.Line2D at 0xc52e780>,\n",
       " <matplotlib.lines.Line2D at 0xc52f710>,\n",
       " <matplotlib.lines.Line2D at 0xc52f940>,\n",
       " <matplotlib.lines.Line2D at 0xc52fb70>,\n",
       " <matplotlib.lines.Line2D at 0xc52fda0>,\n",
       " <matplotlib.lines.Line2D at 0xc52ffd0>,\n",
       " <matplotlib.lines.Line2D at 0xc52f4e0>,\n",
       " <matplotlib.lines.Line2D at 0xc532470>,\n",
       " <matplotlib.lines.Line2D at 0xc5326a0>,\n",
       " <matplotlib.lines.Line2D at 0xc5328d0>,\n",
       " <matplotlib.lines.Line2D at 0xc532b00>,\n",
       " <matplotlib.lines.Line2D at 0xc532d30>,\n",
       " <matplotlib.lines.Line2D at 0xc532240>,\n",
       " <matplotlib.lines.Line2D at 0xc5351d0>,\n",
       " <matplotlib.lines.Line2D at 0xc535400>,\n",
       " <matplotlib.lines.Line2D at 0xc535630>,\n",
       " <matplotlib.lines.Line2D at 0xc535860>,\n",
       " <matplotlib.lines.Line2D at 0xc535a90>,\n",
       " <matplotlib.lines.Line2D at 0xc532f60>,\n",
       " <matplotlib.lines.Line2D at 0xc535ef0>,\n",
       " <matplotlib.lines.Line2D at 0xc537160>,\n",
       " <matplotlib.lines.Line2D at 0xc537390>,\n",
       " <matplotlib.lines.Line2D at 0xc5375c0>,\n",
       " <matplotlib.lines.Line2D at 0xc5377f0>,\n",
       " <matplotlib.lines.Line2D at 0xc535cc0>,\n",
       " <matplotlib.lines.Line2D at 0xc537c50>,\n",
       " <matplotlib.lines.Line2D at 0xc537e80>,\n",
       " <matplotlib.lines.Line2D at 0xc5390f0>,\n",
       " <matplotlib.lines.Line2D at 0xc539320>,\n",
       " <matplotlib.lines.Line2D at 0xc539550>,\n",
       " <matplotlib.lines.Line2D at 0xc537a20>,\n",
       " <matplotlib.lines.Line2D at 0xc5399b0>,\n",
       " <matplotlib.lines.Line2D at 0xc539be0>,\n",
       " <matplotlib.lines.Line2D at 0xc539e10>,\n",
       " <matplotlib.lines.Line2D at 0xc53a080>,\n",
       " <matplotlib.lines.Line2D at 0xc53a2b0>,\n",
       " <matplotlib.lines.Line2D at 0xc539780>,\n",
       " <matplotlib.lines.Line2D at 0xc53a710>,\n",
       " <matplotlib.lines.Line2D at 0xc53a940>,\n",
       " <matplotlib.lines.Line2D at 0xc53ab70>,\n",
       " <matplotlib.lines.Line2D at 0xc53ada0>,\n",
       " <matplotlib.lines.Line2D at 0xc53afd0>,\n",
       " <matplotlib.lines.Line2D at 0xc53a4e0>,\n",
       " <matplotlib.lines.Line2D at 0xc53e470>,\n",
       " <matplotlib.lines.Line2D at 0xc53e6a0>,\n",
       " <matplotlib.lines.Line2D at 0xc53e8d0>,\n",
       " <matplotlib.lines.Line2D at 0xc53eb00>,\n",
       " <matplotlib.lines.Line2D at 0xc53ed30>,\n",
       " <matplotlib.lines.Line2D at 0xc53e240>,\n",
       " <matplotlib.lines.Line2D at 0xc53f1d0>,\n",
       " <matplotlib.lines.Line2D at 0xc53f400>,\n",
       " <matplotlib.lines.Line2D at 0xc53f630>,\n",
       " <matplotlib.lines.Line2D at 0xc53f860>,\n",
       " <matplotlib.lines.Line2D at 0xc53fa90>,\n",
       " <matplotlib.lines.Line2D at 0xc53ef60>,\n",
       " <matplotlib.lines.Line2D at 0xc53fef0>,\n",
       " <matplotlib.lines.Line2D at 0xc542160>,\n",
       " <matplotlib.lines.Line2D at 0xc542390>,\n",
       " <matplotlib.lines.Line2D at 0xc5425c0>,\n",
       " <matplotlib.lines.Line2D at 0xc5427f0>,\n",
       " <matplotlib.lines.Line2D at 0xc53fcc0>,\n",
       " <matplotlib.lines.Line2D at 0xc542c50>,\n",
       " <matplotlib.lines.Line2D at 0xc542e80>,\n",
       " <matplotlib.lines.Line2D at 0xc5440f0>,\n",
       " <matplotlib.lines.Line2D at 0xc544320>,\n",
       " <matplotlib.lines.Line2D at 0xc544550>,\n",
       " <matplotlib.lines.Line2D at 0xc542a20>,\n",
       " <matplotlib.lines.Line2D at 0xc5449b0>,\n",
       " <matplotlib.lines.Line2D at 0xc544be0>,\n",
       " <matplotlib.lines.Line2D at 0xc544e10>,\n",
       " <matplotlib.lines.Line2D at 0xc546080>,\n",
       " <matplotlib.lines.Line2D at 0xc5462b0>,\n",
       " <matplotlib.lines.Line2D at 0xc544780>,\n",
       " <matplotlib.lines.Line2D at 0xc546710>,\n",
       " <matplotlib.lines.Line2D at 0xc546940>,\n",
       " <matplotlib.lines.Line2D at 0xc546b70>,\n",
       " <matplotlib.lines.Line2D at 0xc546da0>,\n",
       " <matplotlib.lines.Line2D at 0xc546fd0>,\n",
       " <matplotlib.lines.Line2D at 0xc5464e0>,\n",
       " <matplotlib.lines.Line2D at 0xc549470>,\n",
       " <matplotlib.lines.Line2D at 0xc5496a0>,\n",
       " <matplotlib.lines.Line2D at 0xc5498d0>,\n",
       " <matplotlib.lines.Line2D at 0xc549b00>,\n",
       " <matplotlib.lines.Line2D at 0xc549d30>,\n",
       " <matplotlib.lines.Line2D at 0xc549240>,\n",
       " <matplotlib.lines.Line2D at 0xc54a1d0>,\n",
       " <matplotlib.lines.Line2D at 0xc54a400>,\n",
       " <matplotlib.lines.Line2D at 0xc54a630>,\n",
       " <matplotlib.lines.Line2D at 0xc54a860>,\n",
       " <matplotlib.lines.Line2D at 0xc54aa90>,\n",
       " <matplotlib.lines.Line2D at 0xc549f60>,\n",
       " <matplotlib.lines.Line2D at 0xc54aef0>,\n",
       " <matplotlib.lines.Line2D at 0xc54d160>,\n",
       " <matplotlib.lines.Line2D at 0xc54d390>,\n",
       " <matplotlib.lines.Line2D at 0xc54d5c0>,\n",
       " <matplotlib.lines.Line2D at 0xc54d7f0>,\n",
       " <matplotlib.lines.Line2D at 0xc54acc0>,\n",
       " <matplotlib.lines.Line2D at 0xc54dc50>,\n",
       " <matplotlib.lines.Line2D at 0xc54de80>,\n",
       " <matplotlib.lines.Line2D at 0xc5500f0>,\n",
       " <matplotlib.lines.Line2D at 0xc550320>,\n",
       " <matplotlib.lines.Line2D at 0xc550550>,\n",
       " <matplotlib.lines.Line2D at 0xc54da20>,\n",
       " <matplotlib.lines.Line2D at 0xc5509b0>,\n",
       " <matplotlib.lines.Line2D at 0xc550be0>,\n",
       " <matplotlib.lines.Line2D at 0xc550e10>,\n",
       " <matplotlib.lines.Line2D at 0xc551080>,\n",
       " <matplotlib.lines.Line2D at 0xc5512b0>,\n",
       " <matplotlib.lines.Line2D at 0xc550780>,\n",
       " <matplotlib.lines.Line2D at 0xc551710>,\n",
       " <matplotlib.lines.Line2D at 0xc551940>,\n",
       " <matplotlib.lines.Line2D at 0xc551b70>,\n",
       " <matplotlib.lines.Line2D at 0xc551da0>,\n",
       " <matplotlib.lines.Line2D at 0xc551fd0>,\n",
       " <matplotlib.lines.Line2D at 0xc5514e0>,\n",
       " <matplotlib.lines.Line2D at 0xc554470>,\n",
       " <matplotlib.lines.Line2D at 0xc5546a0>,\n",
       " <matplotlib.lines.Line2D at 0xc5548d0>,\n",
       " <matplotlib.lines.Line2D at 0xc554b00>,\n",
       " <matplotlib.lines.Line2D at 0xc554d30>,\n",
